11111111111111111111111111111111 64 -1
11111111111111111111111111111110 68 -2
11111111111111111111111111111101 72 -3
00000000000000000000000000000001 76 1
00000000000000000000000000000010 80 2
00000000000000000000000000000100 84 4
11111111111111111111111111111100 88 -4
00000000000000000000000000001010 92 10
00000000000000000000000000000111 96 7
00000000000000000000000000001001 100 9
00000000000000000000000000000001 104 1
00000000000000000000000000000000 108 0
11111111111111111111111111111111 112 -1
00000000000000000000000000000001 116 1
11111111111111111111111111111111 120 -1
00000000000000000000000000000000 124 0
00000000000000000000000000000000 128 0
00000000000000000000000000000000 132 0
00000000000000000000000000000000 136 0
00000000000000000000000000000000 140 0
00000000000000000000000000000000 144 0
00000000000000000000000000000000 148 0
00000000000000000000000000000000 152 0
00000000000000000000000000000000 156 0
